in  seconds

r -----> 0.0   0.0   0.0   0.0   0.0   0.0   0.0   0.0   0.0   0.0   0.0   0.0   0.0   0.0   0.0   0.0   0.0   0.0   0.00100016593933   0.00200009346008   0.00300002098083   0.00799989700317   0.00699996948242   0.0120000839233   0.0220000743866   0.0320000648499   0.0500001907349   0.0900001525879   0.141999959946   0.213999986649   0.356999874115   0.544999837875   0.923000097275   1.45399999619   2.35300016403   3.95100021362   8.13099980354   17.9200000763   18.3989999294   28.4530000687







i ----> 0.0   0.0   0.0   0.0   0.0   0.0   0.0   0.0   0.0   0.0   0.0   0.0   0.0   0.0   0.0   0.0   0.0   0.0   0.0   0.0   0.0   0.0   0.0   0.0   0.0   0.0   0.0   0.0   0.0   0.0   0.0   0.0   0.0   0.0   0.0   0.0   0.0   0.0   0.0   0.0